positions1=[
    8   0   0   0;
    1   1   0   0;
    3   2   0   0;
    5   0   1   0;
    14   1   1   0;
    9   2   1   0;
    13   0   2   0;
    15   1   2   0;
    11   2   2   0;
    6  0   3   0;
    10  1   3   0;
    2  2   3   0;
    16  0   4   0;
    4  1   4   0;
    7  2   4   0;
    12  1   5   0;
]

positions2=[
    6   0   0   0;
    5   1   0   0;
    13   2   0   0;
    1   0   1   0;
    12   1   1   0;
    3   2   1   0;
    16   0   2   0;
    4   1   2   0;
    7   2   2   0;
    9  0   3   0;
    15  1   3   0;
    2  2   3   0;
    10  0   4   0;
    11  1   4   0;
    4  2   4   0;
    8  1   5   0;
]

positions3=[
    6   0   0   0;
    15   1   0   0;
    5   2   0   0;
    14   0   1   0;
    1   1   1   0;
    7   2   1   0;
    16   0   2   0;
    10   1   2   0;
    3   2   2   0;
    4  0   3   0;
    2  1   3   0;
    13  2   3   0;
    11  0   4   0;
    8  1   4   0;
    9  2   4   0;
    12  1   5   0;
]

positions4=[
    16   0   0   0;
    9   1   0   0;
    11   2   0   0;
    10   0   1   0;
    13   1   1   0;
    4   2   1   0;
    14   0   2   0;
    8   1   2   0;
    6   2   2   0;
    1  0   3   0;
    3  1   3   0;
    5  2   3   0;
    12  0   4   0;
    7  1   4   0;
    15  2   4   0;
    2  1   5   0;
]
positions5=[
    10   0   0   0;
    1   1   0   0;
    5   2   0   0;
    12   0   1   0;
    16   1   1   0;
    9   2   1   0;
    3   0   2   0;
    7   1   2   0;
    2   2   2   0;
    4  0   3   0;
    6  1   3   0;
    14  2   3   0;
    15  0   4   0;
    11  1   4   0;
    13  2   4   0;
    8  1   5   0;
]